0                         1.8609421975029132
1                         1.9272302165344757
2                         1.993888935425489
3                         2.0601990260038114
4                         2.125387471069915
5                         2.1886414121913003
6                         2.249157987060576
7                         2.306248087599684
8                         2.3595174644391923
9                         2.4091529436956627
10                        2.4563400029549496
11                        2.5038203649805686
12                        2.5565461592568584
13                        2.622276734231723
14                        2.71179008602136
14.999999999999998        2.838218521243782
16                        3.015082260917065
17                        3.2531115126778705
18                        3.556737387149548
18.999999999999996        3.921472866822482
20                        4.332869618751268
21                        4.766932659397649
22                        5.1916480715191415
22.999999999999996        5.5696911642015445
24                        5.86301101444144
25                        6.040617636829927
26                        6.091568281590878
27                        6.045448942310315
28                        5.999322062528224
29.000000000000004        6.132525145509059
29.999999999999996        6.657036211653445
31                        7.684684014231255
32                        9.139777368778757
33                        10.806020955348064
34                        12.407741185290973
35                        13.658086666088241
36                        14.293756999808473
37                        14.124152866872112
37.99999999999999         13.120778687424274
39                        11.601672574903334
40                        10.574688684160321
40.99999999999999         11.649524022470201
42                        15.258908250431416
43                        20.234507054990793
44                        25.30550606269802
45                        29.48696922299973
45.99999999999999         32.0207094978038
47                        32.38416807746493
48                        30.34657208523425
49                        26.024749324325327
50                        19.924166825431207
50.99999999999999         13.033247271318515
52                        7.522016987181601
53                        7.906208196675047
54                        11.859754036843192
55                        14.880030624473386
56                        15.849782018278654
57                        14.733246603286421
58.00000000000001         12.015205362955163
58.99999999999999         8.557598258577915
59.99999999999999         5.631681432848467
61                        4.798144790227709
62                        5.607868474106472
63                        6.18203578452408
64                        5.841797724330156
65                        4.6666344412729694
66                        3.062291632433563
66.99999999999999         1.7413766219790512
68                        1.7634151077909448
69                        2.4072410603491514
70                        2.70168708953686
71                        2.6474486083562208
72                        2.670969661041772
73                        3.0702057278946384
74                        3.5256806453680496
75                        3.5497191590164174
75.99999999999999         2.928294605605884
77                        1.933564174928669
78                        1.8072156628459934
79                        2.859327766830302
80                        3.6574918474353932
81                        3.589725036960584
81.99999999999999         2.6012498068784944
83                        1.201061563798877
84                        1.555981032813817
85                        2.795408913804115
86                        3.250835100234145
87                        2.636186176985925
88                        1.0977499584461488
89.00000000000001         0.9444089682821422
90                        2.919750043634323
91                        4.373678605089104
91.99999999999999         5.074190747247826
92.99999999999999         5.086036600185431
94                        4.686921508663383
95                        4.157635703844745
96                        3.5896553940508493
97                        2.9572627115404337
98                        2.4235919526731964
99.00000000000001         2.434235275136344
100                       3.0205923744808314
101                       3.7044161097778705
101.99999999999999        4.211174232668375
102.99999999999999        4.513989536685062
104                       4.626228471367194
105.00000000000001        4.458028559549031
106                       3.8656891939205287
107                       2.865643247361798
108                       2.086115447580986
108.99999999999999        2.8294204709736626
110                       4.3921263656640885
111                       5.696042550274803
112                       6.284775392632524
113                       6.009777510970256
114                       4.976581111801106
115                       3.581028732978082
116.00000000000001        2.7395948157020085
117                       3.3969225721789815
117.99999999999999        4.717455667213652
119                       5.823491659432939
119.99999999999999        6.419140610776854
121                       6.465840290377005
122                       6.08308619938995
123.00000000000001        5.5255942528201345
124                       5.142910488415567
124.99999999999999        5.204188736091275
126                       5.656903091283568
127.00000000000001        6.2019259342477095
128                       6.565160168556255
129                       6.620903644823404
130                       6.403459526844628
131.00000000000003        6.089902228672306
132                       5.943708175710709
133                       6.171538407505768
133.99999999999997        6.769702168726562
135                       7.558110496052384
136                       8.336805310146632
137                       8.973855481399124
138                       9.413672931738283
139                       9.656995343489823
140                       9.736504970397993
140.99999999999997        9.695449145402193
142                       9.572428088296345
143                       9.393748705500549
144                       9.172608953238086
145                       8.912491879986828
146                       8.611668234382805
147.00000000000003        8.266730868255769
148                       7.874618358371581
149                       7.433605883031953
150                       6.943944074488926
151                       6.4085149060029565
151.99999999999997        5.8334911753450855
153                       5.228799877289336
154                       4.608234630231167
155                       3.989237636647161
156                       3.3925526227943914
156.99999999999997        2.842019106893641
158                       2.3645101653230904
159                       1.9888159063886692
160                       1.7396877821044805
160.99999999999997        1.6237287364829356
162                       1.6176918663997837
163                       1.6783301004925615
163.99999999999997        1.7645505164241952
165                       1.8487920260462525
166                       1.9163947092401317
167.00000000000003        1.9614493713031602
168                       1.9832485463871263
169                       1.9839424795539538
170                       1.9670892937560518
171                       1.9367687960297444
172                       1.8970443546350428
173                       1.8516448240187833
174                       1.803790253129739
174.99999999999997        1.7561142486522785
176                       1.7106524116391446
177                       1.6688758123834377
178.00000000000003        1.6317539759978394
179                       1.599835045267604
180                       1.573332846287234
181                       1.552212345124659
182                       1.536266932129019
183                       1.5251832044356186
183.99999999999997        1.5185912376007866
185                       1.516100422233995
185.99999999999997        1.5173225243506565
187.00000000000003        1.521884596661641
188                       1.5294347663430232
189                       1.5396438932998233
190                       1.5522057918217957
191                       1.5668382559580065
192                       1.5832865612619063
193                       1.6013303687521503
194                       1.62079387111234
194.99999999999997        1.6415573818024094
196                       1.6635662083098433
196.99999999999997        1.6868296406767906
198.00000000000003        1.7113997992476304
199                       1.7373182607152902
200                       1.7645199570243109
201.00000000000003        1.7926912150948988
202                       1.8210932825818782
203                       1.8483826464374267
203.99999999999997        1.8724792763154214
205                       1.8905452460123537
205.99999999999997        1.8991316622247465
206.99999999999997        1.8945290686121425
208                       1.8733187888422556
209                       1.8330757214595517
210.00000000000003        1.7731204244989869
211                       1.695159098139933
212                       1.603582421337982
213                       1.505130471940976
214                       1.407636909910866
214.99999999999997        1.3178065889035444
216                       1.2386254978817877
217                       1.1677775904885612
217.99999999999997        1.0983673121532
219.00000000000003        1.0218069938446528
220                       0.9312399651517091
221.00000000000003        0.8238838677137942
222                       0.7018837751459448
223                       0.5726055357559394
224                       0.45054556870451407
225                       0.3630084052635693
226                       0.3467834013899826
226.99999999999997        0.4034295647519328
228                       0.4875850783107154
228.99999999999997        0.5558294018140733
230                       0.5812880660542799
231.00000000000003        0.5536522828429393
232.00000000000003        0.4861337861456443
233                       0.42977917942417176
234                       0.4598282727004349
235                       0.5768086406554276
235.99999999999997        0.7060183684364861
237.00000000000003        0.7859384643714046
238                       0.7867298309502734
239                       0.7071760932602974
239.99999999999997        0.5719114221526117
241.00000000000003        0.42956451744956653
242                       0.35106211531981796
243                       0.38174402651583655
244                       0.47625138107250337
244.99999999999997        0.5775636762623202
246.00000000000003        0.6519066728340214
247                       0.6731903114879776
248                       0.6269440410886625
248.99999999999997        0.5285690111309757
249.99999999999997        0.4430865473836012
251                       0.45284319101475184
252                       0.5277604852020322
253                       0.5711459958072168
254.00000000000003        0.5432841829697534
255.00000000000003        0.4817929351238043
256                       0.4744721467808033
257                       0.5383696471627955
258                       0.5868755878207447
258.99999999999994        0.5576331756698047
260                       0.46519741964790357
261                       0.3996272334775922
262.00000000000006        0.43035586185436975
263                       0.4797416338683051
264                       0.4659837412589702
265                       0.40767606321983996
266                       0.4137740313763366
267                       0.5183207051256026
267.99999999999994        0.6125398208482723
269                       0.6173348266292871
270                       0.5295769897566394
271                       0.41738513980289127
272                       0.3875918106943134
273                       0.44078949958810065
274                       0.47807487981287655
275                       0.45650995897458285
276                       0.397818451381855
277                       0.35714840510840806
278                       0.3735554194382443
279                       0.4259462288629017
280                       0.46803108932892284
281                       0.4634989108681386
281.99999999999994        0.39440727299080625
283                       0.2819460195039075
284                       0.23937442367000725
285.00000000000006        0.3434980408930037
286                       0.4460975456833981
287                       0.4509290937269214
288                       0.3473244438837884
289                       0.25215823989135155
290                       0.38587850992580053
290.99999999999994        0.5884824590099502
292                       0.6970427871733451
293                       0.6658430825517726
294.00000000000006        0.5497951366736017
295                       0.5398365035287389
296                       0.7344493590456802
297                       0.951275474694126
298                       1.039647051589105
299                       0.9430094200863463
300                       0.6917289787472385
301                       0.46906769545595073
302                       0.6231256817731344
303                       0.954007342608318
303.99999999999994        1.1860693837241305
305                       1.2231970578044977
306                       1.0559898397818994
307                       0.7864789582273197
308                       0.7717760070951998
309                       1.2387481875241177
310                       1.8827574275436876
311                       2.5059535716955614
312                       3.0117928041515385
312.99999999999994        3.3443645182159956
313.99999999999994        3.4760967954942066
315                       3.404517706836526
316                       3.1506464468244366
317                       2.7584834203454585
318                       2.297201233342054
319                       1.8682932670426629
320                       1.6058700034870086
321                       1.6053891120183412
321.99999999999994        1.8061822298271395
323                       2.0640184742666565
324                       2.2764562967199398
325                       2.395498632451843
326                       2.407770044226439
327                       2.3209582993649023
327.99999999999994        2.156022498092959
329                       1.9421942185388001
330                       1.7133971335035767
331                       1.5049704649413365
332                       1.3485908033842828
333                       1.2632813757541155
334.00000000000006        1.246671363625197
335                       1.2776082293514792
336                       1.3298249678546687
336.99999999999994        1.3829543339364647
338                       1.425262685018923
339                       1.4519618993589813
340                       1.462766047049692
340.99999999999994        1.4599449854730433
342                       1.447003174107212
343.00000000000006        1.4278424229787796
344                       1.406256003490383
345                       1.3856369993835356
346                       1.3688192509742114
347                       1.3579994104137028
348                       1.3547131894947508
349                       1.3598557805696292
349.99999999999994        1.3737433870835545
351                       1.396210481058215
352                       1.4267304796998477
353                       1.4645421851338842
354                       1.508764357961072
355                       1.558485867133269
356.00000000000006        1.6128259960090963
357                       1.6709657095849093
358                       1.7321545639259879
358.99999999999994        1.7956995368150142
360                       1.8609421975029115
